100	410	912	184	668	547	211	354	893	898	
66	801	225	79	825	694	935	350	178	937	
824	112	885	82	84	436	866	978	139	914	
833	175	558	137	906	393	993	533	280	206	
791	358	933	485	333	418	646	80	941	722	
136	780	216	983	750	397	637	995	369	960	
540	981	960	969	140	641	438	86	186	220	
368	561	765	640	731	416	826	844	425	788	
468	530	662	904	963	407	796	728	914	236	
546	496	807	327	155	459	18	848	142	783	
189	99	538	602	399	664	536	675	934	450	
551	742	23	387	208	219	134	944	299	579	
700	589	219	195	177	654	332	711	762	967	
434	405	235	43	497	535	685	290	539	839	
692	343	19	189	719	123	167	645	123	961	
22	114	305	795	514	991	720	581	628	549	
938	687	836	645	489	531	140	826	453	756	
891	298	431	274	255	483	677	35	658	946	
65	645	267	81	347	39	168	132	997	472	
248	868	10	617	796	117	660	820	414	203	
710	167	760	47	538	233	791	581	815	356	
48	546	345	222	761	895	194	994	165	551	
480	341	505	742	43	630	748	51	287	123	
311	572	65	672	187	463	412	356	299	628	
907	109	595	134	647	559	799	945	851	533	
701	844	501	955	161	945	633	978	500	878	
775	617	879	337	75	953	738	815	991	890	
225	342	205	25	132	566	562	400	210	700	
341	568	390	736	545	900	92	201	143	163	
769	732	313	842	877	536	36	216	475	356	
18	982	903	819	975	924	635	492	105	664	
501	659	138	624	863	626	7	852	614	425	
35	692	936	665	450	52	703	455	34	889	
553	545	279	648	507	522	456	804	59	522	
603	589	211	808	501	25	930	243	729	320	
283	418	434	996	829	817	588	45	563	433	
560	712	82	249	625	965	352	142	567	368	
616	330	458	913	637	957	945	87	97	657	
332	535	56	418	643	784	384	357	683	838	
129	664	589	764	337	182	308	877	81	983	
210	509	171	748	725	439	705	466	624	658	
660	727	288	783	407	330	734	801	351	282	
537	244	454	287	549	99	934	744	894	500	
117	322	839	516	558	968	309	262	745	224	
58	810	37	363	217	16	425	309	956	898	
983	767	956	439	752	501	839	364	599	860	
353	215	872	37	214	375	712	824	872	485	
897	319	315	708	232	94	518	504	874	149	
326	67	21	2	560	944	638	7	860	311	
734	886	305	5	416	599	305	19	517	13	
869	534	471	888	181	524	458	783	766	953	
453	162	444	841	979	756	561	24	597	722	
609	247	197	983	908	76	140	899	352	270	
577	695	279	24	125	409	787	684	79	823	
898	699	879	107	623	969	768	890	327	655	
534	360	952	857	506	510	114	210	597	392	
960	919	455	601	180	146	189	295	757	448	
622	258	570	407	124	632	964	975	858	558	
998	811	850	808	781	775	833	390	455	472	
869	187	567	350	807	89	460	947	800	617	
69	120	864	748	415	86	935	979	217	114	
229	760	774	895	424	498	641	927	652	812	
315	830	567	887	126	49	985	358	674	927	
618	240	850	170	954	14	61	238	463	313	
384	526	571	444	642	623	400	824	184	465	
880	340	951	480	84	84	141	353	706	310	
455	452	637	35	749	572	728	105	951	762	
293	814	973	451	28	499	219	751	161	579	
24	577	305	840	921	92	623	821	685	212	
40	493	465	385	871	121	677	779	351	263	
834	667	799	895	448	279	482	291	360	311	
655	963	65	554	745	597	458	166	79	41	
603	340	328	879	432	478	340	229	272	750	
213	7	639	466	35	65	119	415	172	84	
99	527	491	654	707	991	413	385	478	8	
894	82	861	709	852	281	562	727	57	328	
519	876	561	210	276	165	806	356	844	157	
587	121	453	795	527	804	822	50	812	455	
711	56	695	22	193	399	853	815	188	289	
597	512	691	296	460	269	30	579	599	48	
712	384	777	614	278	199	672	878	700	747	
279	657	464	805	838	390	154	246	306	625	
267	10	744	895	605	655	449	302	717	507	
987	24	764	250	117	670	892	757	398	152	
23	385	732	298	793	279	800	949	328	171	
507	5	535	637	507	706	809	261	987	435	
441	319	663	251	955	865	826	297	980	857	
477	119	551	201	610	714	281	293	47	713	
648	112	44	327	555	489	938	455	227	804	
447	597	656	63	997	123	267	334	827	597	
682	521	937	20	812	970	660	143	409	14	
771	345	742	704	888	939	356	724	289	697	
217	463	906	671	282	280	808	942	742	171	
937	941	31	741	216	674	508	738	795	942	
223	898	851	190	50	923	886	179	68	806	
623	820	90	474	971	177	41	89	824	494	
219	603	41	388	894	262	5	356	684	240	
50	320	784	748	210	403	30	403	450	796	
45	408	825	838	619	249	964	436	116	930	
132	214	16	441	100	564	407	438	709	517	
183	963	567	988	43	234	525	141	184	210	
935	409	968	803	57	156	139	337	368	632	
919	5	9	118	701	662	308	106	904	407	
874	592	944	921	919	674	910	131	45	760	
999	734	70	695	798	958	279	6	247	581	
717	632	21	561	181	407	400	306	711	909	
234	236	688	316	587	563	54	981	361	356	
854	891	690	555	920	629	417	892	387	568	
290	374	507	711	422	16	662	845	381	57	
654	606	787	129	242	637	908	127	497	888	
700	981	168	630	570	238	402	749	61	294	
411	154	817	267	890	417	914	633	963	755	
608	575	589	59	929	106	9	420	746	761	
137	301	770	95	11	923	927	886	320	982	
732	818	319	248	253	47	687	490	365	930	
84	851	709	855	863	256	645	61	29	685	
618	174	800	828	10	328	427	653	924	806	
750	537	476	815	22	573	372	187	95	218	
325	489	567	468	959	224	463	940	297	317	
548	84	22	116	364	433	394	118	138	415	
456	625	166	529	526	157	8	645	37	229	
741	777	651	445	71	274	113	207	322	394	
257	599	104	957	517	8	917	996	189	273	
706	629	745	990	47	931	705	488	665	844	
303	617	184	670	917	283	442	486	430	690	
276	707	395	755	26	984	174	117	145	578	
970	51	168	141	621	858	592	855	659	405	
601	316	177	215	946	189	64	498	300	880	
433	845	832	555	963	448	307	22	804	838	
986	692	121	11	999	955	822	417	339	52	
357	86	893	91	844	655	823	89	87	565	
383	552	187	849	801	373	203	196	480	364	
832	221	501	53	600	431	366	577	113	801	
684	527	893	28	528	722	211	390	482	160	
8	298	534	51	893	785	840	284	620	115	
799	489	538	643	219	167	290	806	442	575	
120	381	668	364	114	850	779	972	512	322	
865	872	432	168	891	50	84	254	301	272	
756	440	831	641	634	823	28	45	434	543	
647	689	946	314	240	957	663	91	577	995	
741	555	213	571	991	944	267	852	431	231	
500	859	899	894	617	71	152	928	629	549	
467	797	538	548	112	173	492	908	655	108	
991	274	998	721	975	478	866	99	509	953	
307	544	6	820	675	443	221	763	89	221	
114	917	308	926	372	221	775	830	860	510	
202	677	419	457	139	108	946	289	772	774	
449	611	391	790	256	450	822	772	425	809	
555	402	271	199	875	799	965	71	773	939	
887	855	754	531	327	286	563	539	933	318	
812	264	348	1	306	90	709	191	110	182	
464	550	28	350	601	839	946	384	280	338	
385	302	574	500	371	274	943	746	173	980	
259	924	917	659	784	129	340	306	202	14	
787	947	423	307	610	877	502	655	208	613	
485	803	177	2	79	646	348	27	584	144	
742	163	443	329	923	628	796	296	303	425	
13	964	249	102	753	213	907	678	145	894	
46	890	653	138	267	855	660	571	979	119	
53	823	727	691	689	396	154	822	872	712	
315	224	260	394	552	934	780	10	66	391	
726	975	376	12	607	65	3	201	567	552	
730	343	329	725	72	885	725	186	560	970	
489	31	976	751	88	469	625	872	325	851	
759	7	586	461	179	996	675	189	14	704	
278	843	446	974	24	399	137	787	832	316	
760	463	233	947	984	233	482	3	673	507	
63	110	494	345	35	420	937	980	580	916	
306	809	546	409	22	317	339	32	511	228	
148	473	433	962	143	467	430	815	60	361	
834	948	688	578	817	235	264	890	428	596	
351	142	209	276	764	263	115	334	539	98	
890	887	79	915	849	717	514	103	823	749	
357	629	227	497	6	573	912	967	616	93	
618	404	211	803	34	291	867	868	792	94	
967	886	431	269	332	171	704	322	69	519	
475	602	237	981	650	254	346	904	970	860	
372	961	283	913	153	866	959	357	76	465	
209	564	575	641	352	756	116	920	336	884	
205	972	255	69	959	357	7	738	468	332	
380	528	759	659	86	717	131	744	409	543	
154	243	135	911	955	583	726	984	581	787	
462	904	874	799	337	483	140	397	969	260	
523	874	639	876	81	518	115	37	250	942	
765	838	340	184	82	370	932	638	592	690	
623	890	648	387	115	52	331	34	288	260	
740	609	244	288	690	989	851	385	420	42	
822	483	994	819	771	710	102	647	388	281	
715	580	608	441	115	814	607	913	690	382	
551	472	35	485	838	178	805	840	945	724	
450	960	759	650	15	975	830	411	252	774	
662	718	696	782	821	413	838	617	25	414	
214	889	969	784	52	724	26	951	143	198	
567	433	119	279	826	776	562	132	160	531	
425	869	916	120	57	183	707	542	197	566	
931	557	28	439	218	796	229	842	703	219	
494	22	448	140	887	365	877	156	180	395	
49	991	344	371	376	310	543	998	665	546	
285	208	678	970	12	403	770	818	83	280	
115	728	618	773	108	987	478	464	762	851	
940	919	253	577	474	964	130	11	511	684	
244	754	453	712	160	670	153	699	498	937	
207	731	518	266	553	943	843	810	165	116	
569	25	148	936	532	58	878	943	776	123	
369	704	476	956	48	527	746	962	486	902	
168	726	859	990	425	479	682	665	161	934	
524	424	263	278	443	946	913	162	797	446	
591	958	374	220	379	687	223	640	514	694	
209	975	157	73	541	293	920	715	575	281	
392	955	710	808	255	1000	327	589	261	862	
428	303	862	986	750	943	165	317	867	592	
46	772	288	71	295	612	733	743	449	896	
555	80	1	251	800	14	288	961	583	829	
289	643	292	718	415	426	966	63	494	90	
503	321	726	242	799	127	813	602	318	60	
426	704	51	993	591	365	250	208	254	460	
294	759	60	754	750	646	320	127	810	590	
71	750	895	312	700	779	102	431	103	7	
52	294	664	985	182	334	155	462	793	352	
592	825	386	978	475	900	281	865	502	399	
637	601	42	777	151	622	874	325	704	25	
205	966	84	262	207	752	6	295	234	846	
266	735	634	658	32	862	205	308	555	609	
854	733	255	799	538	248	899	353	925	506	
802	317	995	389	246	819	792	996	336	921	
561	404	510	467	906	259	226	572	113	569	
97	321	813	434	673	67	320	483	408	77	
317	985	562	450	638	408	422	159	219	984	
373	470	352	149	464	774	868	365	90	770	
415	466	723	30	258	642	119	383	581	718	
884	451	490	110	742	659	971	516	703	725	
585	206	640	565	937	748	650	165	901	32	
288	207	525	628	543	900	409	66	46	532	
654	661	470	637	311	943	494	166	699	203	
393	184	654	390	96	570	859	204	832	865	
735	540	371	610	241	47	386	263	859	280	
273	483	831	471	959	607	409	332	41	424	
8	453	882	653	543	580	346	276	200	480	
246	487	721	144	179	74	129	1000	892	414	
688	525	228	627	893	367	483	253	789	518	
209	339	575	588	388	198	687	492	555	54	
548	866	353	825	19	944	103	326	870	940	
509	823	663	499	322	297	67	643	677	731	
826	204	203	104	143	135	698	859	146	622	
418	549	675	528	701	204	176	837	118	895	
586	647	236	507	863	940	293	264	262	520	
640	839	189	758	72	383	51	111	283	279	
215	819	198	415	954	986	622	268	360	93	
573	350	923	227	347	317	212	619	233	483	
499	287	621	9	221	579	973	390	152	95	
32	844	212	652	658	52	235	664	248	463	
919	920	300	610	514	957	413	266	504	409	
283	373	377	892	473	155	240	300	570	489	
776	94	897	96	773	40	997	383	89	469	
762	444	984	692	303	132	333	51	219	759	
281	999	488	580	974	984	358	223	865	556	
860	447	211	36	713	999	301	25	103	100	
984	12	562	435	41	92	456	306	935	82	
802	231	652	165	622	989	165	125	927	564	
524	110	169	409	576	13	384	546	505	429	
178	166	174	519	209	406	761	713	469	450	
103	463	967	170	252	883	613	656	513	695	
476	649	194	781	42	962	134	265	98	812	
19	203	496	853	891	288	807	433	672	155	
307	880	558	769	865	461	600	947	801	522	
923	999	505	775	387	479	989	633	349	19	
537	29	236	78	850	968	281	253	987	998	
908	819	92	926	649	965	776	417	44	508	
577	723	426	896	820	751	625	410	778	736	
116	909	700	479	15	230	540	216	119	118	
70	537	829	945	984	178	604	228	542	512	
19	738	314	826	46	832	240	945	655	745	
390	717	997	38	848	589	91	629	514	622	
593	722	230	660	571	295	954	541	353	338	
767	107	249	766	388	667	273	259	706	392	
452	826	382	728	472	237	753	539	125	582	
287	150	558	313	361	667	250	876	452	701	
529	424	265	724	554	906	758	533	858	725	
83	191	567	998	114	870	901	881	943	113	
593	273	905	863	612	745	864	792	257	24	
976	382	32	559	932	511	177	179	195	170	
904	603	923	593	388	494	371	243	783	469	
876	491	910	620	63	438	311	163	805	32	
928	461	490	943	568	798	775	288	750	991	
898	245	615	695	270	974	898	69	629	37	
468	275	646	370	594	252	778	872	382	126	
374	803	700	982	598	260	783	157	403	439	
98	917	656	418	641	729	739	876	743	436	
402	274	787	594	781	815	816	410	543	107	
645	378	685	888	262	140	57	623	227	954	
163	632	281	299	951	57	392	758	339	47	
345	262	68	380	449	189	36	672	771	171	
705	128	61	305	101	554	536	193	26	794	
258	348	375	756	251	644	66	117	582	133	
580	7	916	872	60	541	248	497	318	446	
393	452	695	861	253	963	891	762	678	866	
581	150	196	928	416	295	611	970	755	69	
676	184	283	195	776	55	456	808	286	852	
938	282	921	491	170	868	511	958	759	288	
234	646	479	52	719	427	125	317	502	203	
777	840	232	818	418	998	908	594	123	347	
353	940	754	413	65	692	119	253	510	235	
74	700	174	499	183	164	408	343	690	269	
125	434	520	239	817	84	955	461	664	562	
202	555	864	561	176	648	62	778	652	124	
502	308	301	765	491	47	156	161	860	155	
315	793	325	363	226	853	500	473	385	239	
201	252	547	762	701	220	502	988	221	428	
882	551	540	886	761	746	923	405	707	221	
809	377	101	653	693	913	214	85	667	712	
243	326	129	517	331	379	893	670	589	352	
639	555	524	102	471	213	791	203	204	24	
293	93	477	512	382	485	588	610	959	779	
7	237	80	995	261	848	584	429	422	593	
60	316	132	861	345	52	951	521	551	187	
848	132	819	484	460	140	704	17	825	413	
491	663	340	154	559	204	203	253	221	664	
567	346	818	36	239	538	807	68	870	6	
247	953	625	227	255	510	543	21	400	173	
113	746	989	928	89	356	814	971	949	95	
276	56	557	924	772	448	599	926	498	719	
240	905	176	388	494	203	327	70	778	791	
147	764	191	452	431	938	718	17	820	917	
897	63	838	300	355	558	623	147	492	711	
78	15	807	658	424	109	39	124	510	515	
674	759	484	692	169	259	118	4	959	715	
427	285	323	398	181	124	174	123	380	658	
389	13	389	526	167	554	975	424	807	797	
835	827	455	170	591	517	895	258	878	743	
579	643	810	69	556	476	345	516	967	615	
203	795	937	514	375	309	179	515	143	344	
284	158	911	22	695	256	436	492	524	950	
382	876	55	203	369	888	435	129	821	690	
107	292	517	445	112	970	295	24	96	77	
65	314	860	662	91	143	621	744	404	329	
358	77	308	92	354	68	541	336	214	123	
920	558	321	711	709	764	795	660	811	111	
819	481	510	263	51	862	343	518	876	983	
534	518	749	757	796	493	230	669	702	467	
343	331	663	648	462	38	741	527	222	353	
882	556	240	354	940	202	588	437	246	138	
239	481	225	8	725	974	70	71	180	457	
957	199	529	896	102	652	198	169	628	192	
933	110	768	885	464	225	51	476	838	986	
392	180	958	775	187	906	91	660	349	844	
775	766	522	577	396	815	134	456	680	478	
972	300	172	578	281	814	255	561	996	392	
693	554	532	56	616	638	702	206	310	958	
977	188	868	775	608	524	755	756	992	356	
891	78	269	890	340	691	381	593	898	965	
729	132	78	828	784	115	709	778	669	69	
734	553	324	17	68	34	561	901	892	904	
915	975	356	762	900	998	2	266	944	520	
741	818	258	369	574	971	763	399	358	145	
965	263	616	350	128	198	189	540	4	817	
93	687	865	480	496	731	297	226	404	468	
342	694	82	268	562	551	336	185	996	926	
741	204	435	248	537	869	261	806	824	901	
503	277	944	61	645	782	5	53	647	293	
696	46	24	215	773	553	884	391	998	951	
438	605	340	319	934	803	755	46	441	39	
523	562	678	293	840	793	508	878	765	285	
625	197	263	377	126	491	413	364	139	865	
11	687	832	125	849	610	690	268	180	932	
924	118	374	380	296	965	822	3	478	527	
83	432	827	725	445	101	559	543	317	593	
96	688	764	829	149	902	675	126	777	171	
958	697	555	806	537	387	989	882	738	45	
915	540	689	31	576	400	93	851	723	686	
899	765	568	45	802	512	761	220	125	489	
245	100	214	110	383	916	529	94	134	742	
710	299	617	465	867	273	511	894	540	995	
275	12	702	496	488	869	406	570	852	1	
761	796	95	967	251	356	430	79	829	880	
809	893	875	784	391	566	733	251	606	669	
254	252	500	478	53	225	319	640	402	47	
716	771	213	307	68	838	792	674	855	453	
859	990	38	655	660	7	690	595	496	234	
635	82	166	174	881	256	448	925	138	524	
13	667	626	469	575	940	417	478	132	8	
464	162	884	287	406	796	168	109	223	45	
871	297	760	418	734	853	192	800	811	973	
359	435	765	784	156	783	653	812	666	584	
884	820	417	472	740	100	869	680	879	953	
555	616	710	102	443	607	619	785	553	970	
481	660	957	840	925	655	952	295	322	429	
572	28	704	713	63	752	254	776	572	942	
722	25	457	327	751	555	324	192	552	704	
968	15	159	368	541	69	194	890	83	35	
726	97	4	82	92	957	146	176	383	483	
416	718	491	328	291	756	747	161	143	468	
415	11	978	39	781	342	707	491	878	615	
12	106	620	918	163	3	767	755	440	923	
787	177	920	390	424	948	315	518	867	90	
534	398	13	705	97	904	1000	917	178	219	
77	747	847	385	626	710	427	858	937	800	
845	528	184	618	896	351	338	535	142	121	
125	878	529	418	954	680	719	518	742	479	
76	744	241	195	558	970	993	117	843	493	
472	12	109	349	253	932	799	952	22	528	
687	14	952	648	983	323	316	201	807	221	
850	321	972	329	217	567	583	643	915	523	
153	762	541	432	938	605	227	595	167	261	
231	325	121	848	606	559	854	3	75	770	
468	782	993	346	215	803	716	857	916	388	
611	877	687	973	994	599	886	297	36	180	
502	878	433	336	366	975	872	563	532	237	
657	775	450	442	846	724	781	141	63	550	
709	383	674	512	117	668	201	874	542	501	
149	64	916	113	46	339	634	659	231	48	
227	580	145	212	485	579	502	428	499	798	
759	104	924	989	384	908	45	17	799	819	
829	301	482	340	646	181	220	675	330	951	
839	782	110	669	406	109	301	430	989	169	
737	909	918	361	987	130	149	575	712	400	
662	51	226	749	796	908	600	274	558	578	
843	699	69	896	668	445	288	293	551	141	
378	606	255	814	97	485	958	788	8	181	
131	488	372	326	530	456	57	288	176	546	
719	821	198	281	575	58	744	598	531	335	
655	11	545	731	122	164	140	767	396	728	
525	59	519	984	708	612	364	749	391	734	
131	291	618	704	955	152	733	186	435	145	
104	472	608	642	907	61	466	879	209	990	
544	521	436	133	832	292	970	149	101	785	
459	887	951	516	655	875	919	743	133	349	
141	116	488	548	472	722	531	536	918	11	
677	257	952	102	267	726	133	684	520	825	
921	76	787	180	513	907	534	952	564	898	
236	737	513	897	248	418	693	188	705	945	
296	93	974	349	113	559	109	595	835	249	
160	731	55	277	238	826	300	701	659	43	
422	136	844	251	398	780	860	308	479	81	
305	78	863	367	549	420	109	461	493	493	
582	583	450	638	109	968	33	160	337	858	
635	405	389	38	655	392	434	543	948	75	
795	516	26	620	380	862	126	203	541	188	
325	265	197	241	435	910	585	735	103	273	
505	163	517	422	866	468	511	819	170	387	
243	910	584	269	590	96	845	73	344	462	
730	838	663	234	889	469	978	587	940	746	
169	235	91	351	341	362	527	984	895	733	
238	438	59	810	227	732	831	420	110	565	
572	315	842	923	568	983	266	966	368	892	
294	267	487	467	742	521	207	78	109	115	
616	412	606	10	700	375	614	74	951	886	
985	554	940	468	431	621	650	168	762	286	
533	228	289	196	774	111	773	124	942	75	
768	646	690	710	728	29	268	194	536	882	
985	574	890	526	58	113	720	989	948	506	
168	485	946	538	858	428	197	352	200	812	
2	569	617	252	367	292	578	259	927	290	
713	67	510	284	861	625	458	133	987	234	
879	333	717	826	659	339	105	796	15	803	
379	191	909	180	620	292	156	110	105	45	
796	782	868	646	295	939	298	74	491	731	
106	1000	964	370	602	146	139	699	488	958	
940	786	640	772	928	751	424	106	533	920	
474	163	27	812	621	551	709	925	995	475	
111	654	807	418	658	115	302	953	344	494	
516	331	155	319	867	137	934	817	259	448	
232	487	182	813	51	169	45	835	951	587	
572	191	503	905	32	761	380	468	817	472	
120	522	967	575	834	400	416	205	265	896	
352	256	739	925	1	768	912	567	269	196	
582	666	948	227	348	833	541	534	279	887	
714	408	605	313	164	368	818	415	100	775	
995	700	480	460	473	798	836	401	634	191	
69	560	614	589	49	164	552	498	682	572	
155	334	484	723	414	464	95	568	448	387	
262	208	218	164	611	471	197	684	421	49	
791	360	839	411	120	585	341	962	546	24	
561	165	898	331	417	581	895	765	105	283	
850	501	906	201	407	820	543	844	337	67	
140	582	572	102	324	529	940	331	815	37	
121	161	93	343	380	609	60	5	216	214	
240	393	359	565	498	576	51	39	572	597	
496	867	693	393	972	468	114	92	74	706	
3	546	567	578	243	789	76	880	533	90	
404	988	468	177	136	607	366	74	40	220	
850	658	516	175	435	562	354	42	460	651	
986	454	488	111	606	645	55	843	201	766	
721	744	554	613	617	997	829	383	972	409	
311	359	908	48	877	931	366	133	205	743	
433	43	335	140	93	107	612	402	78	535	
403	869	279	524	304	917	612	173	881	63	
220	748	989	279	163	826	213	30	214	84	
693	38	849	160	615	927	979	712	19	33	
969	212	471	880	553	327	923	64	407	627	
426	951	690	501	492	716	652	277	718	249	
119	401	503	745	923	302	69	816	815	583	
802	9	171	771	949	423	429	42	933	902	
11	682	808	97	705	799	611	720	7	476	
665	953	534	425	287	552	161	594	571	633	
561	327	54	46	815	668	49	403	185	590	
603	341	453	666	988	35	381	232	155	815	
928	403	327	768	797	19	180	419	292	909	
95	917	896	847	299	603	339	875	682	851	
239	948	477	524	311	278	478	445	111	762	
510	948	50	907	501	855	882	848	569	2	
119	117	854	829	923	10	817	60	538	354	
59	750	259	393	91	304	619	674	606	172	
468	88	104	450	348	471	283	913	839	382	
157	501	598	659	973	684	285	435	124	263	
67	980	239	374	71	705	600	429	231	795	
811	719	252	116	705	965	317	216	478	597	
298	215	296	443	360	794	471	333	894	646	
314	788	846	33	812	836	120	862	931	557	
861	204	539	278	613	342	118	843	518	248	
924	941	278	991	685	248	31	287	430	579	
467	464	113	638	524	464	242	125	576	913	
555	841	90	800	990	55	5	630	316	498	
354	214	868	549	684	686	211	669	390	852	
990	121	188	427	144	39	448	903	559	801	
285	371	402	553	599	159	108	239	843	942	
852	301	218	425	184	229	350	21	571	846	
950	213	99	473	185	297	379	237	810	806	
660	292	947	49	996	108	161	427	129	692	
914	46	352	991	413	340	249	575	434	962	
456	680	170	512	400	97	453	934	243	279	
255	533	872	785	320	214	661	403	792	538	
945	746	505	954	453	384	367	227	151	974	
683	260	50	488	362	15	530	640	341	523	
64	416	393	714	307	55	600	966	180	723	
67	360	127	369	267	529	741	9	989	313	
913	224	160	982	405	535	45	488	146	338	
490	463	571	979	139	119	594	830	961	396	
7	620	990	89	825	841	18	445	59	5	
917	693	722	975	587	736	399	331	16	394	
962	599	988	959	237	331	617	316	492	490	
66	128	678	367	595	431	711	387	894	637	
848	703	120	715	709	170	542	540	440	971	
440	162	544	881	119	219	283	167	672	809	
212	608	714	675	492	95	150	934	941	810	
909	425	526	944	214	977	655	7	432	590	
733	685	475	278	10	219	280	652	499	287	
985	183	647	473	466	356	559	740	996	333	
422	466	305	388	286	111	424	373	50	698	
740	442	138	131	499	801	649	914	144	544	
645	916	944	996	573	739	405	361	241	953	
655	54	756	237	2	333	76	789	757	305	
66	184	123	260	831	849	123	230	583	153	
556	633	131	860	212	744	287	797	442	237	
883	256	498	959	28	372	616	522	303	659	
428	388	432	191	94	643	240	79	127	239	
186	689	509	51	126	643	468	354	255	888	
882	786	969	657	801	859	933	8	700	371	
440	306	131	830	279	419	768	244	589	465	
630	919	786	486	199	517	613	838	668	257	
655	721	980	799	276	44	763	636	520	453	
981	479	421	881	358	812	649	612	160	520	
218	853	392	856	339	349	44	823	438	631	
83	206	949	808	367	885	706	757	322	576	
448	870	470	610	754	135	850	42	641	678	
108	470	371	52	872	352	106	696	171	428	
606	853	514	1000	178	574	170	69	507	975	
51	358	762	5	572	958	922	562	977	124	
963	451	107	456	402	750	703	197	265	344	
302	977	774	624	660	245	382	490	169	17	
879	373	827	822	535	55	314	396	586	175	
42	370	331	384	503	699	693	966	407	827	
707	575	958	69	991	748	649	398	489	108	
488	772	662	858	359	615	713	805	402	620	
312	463	423	414	696	855	884	723	523	111	
290	378	662	491	357	982	905	634	801	54	
471	467	907	535	197	46	924	300	412	194	
339	225	211	345	216	870	133	180	74	230	
666	319	281	665	120	239	812	964	964	221	
141	398	34	960	586	922	644	208	622	525	
859	609	502	747	474	537	982	203	822	537	
371	120	304	284	851	246	196	957	720	264	
641	314	803	958	524	646	677	227	26	70	
378	466	54	804	977	599	866	809	227	772	
340	531	800	909	85	384	932	620	535	848	
87	431	332	511	325	875	249	191	759	750	
730	43	419	979	414	945	127	609	63	426	
71	886	661	414	459	673	764	730	777	96	
896	131	554	787	24	34	246	76	593	903	
416	505	81	303	484	645	369	287	102	687	
675	746	337	312	279	444	2	288	310	988	
132	496	560	1	745	390	854	670	295	484	
792	799	300	614	429	784	715	768	812	326	
298	827	610	167	168	815	184	958	60	564	
3	311	263	383	556	260	262	268	266	241	
671	36	852	531	927	504	165	813	741	431	
769	689	652	249	114	137	624	612	616	270	
984	765	394	386	572	939	46	415	685	630	
901	351	456	316	746	731	863	297	718	387	
592	784	53	827	776	378	857	580	442	37	
582	878	365	652	795	74	774	212	594	773	
813	236	19	43	873	476	347	217	831	661	
521	43	363	801	122	206	721	520	377	678	
559	924	519	925	232	204	42	637	122	28	
695	110	751	944	178	327	243	995	795	836	
512	776	335	814	807	887	336	329	282	166	
129	479	880	595	773	226	154	769	373	312	
251	830	67	237	471	437	717	592	46	131	
304	817	627	301	311	340	876	98	664	917	
764	374	32	598	573	403	478	112	401	153	
488	486	134	520	620	975	676	205	918	266	
48	711	781	446	940	260	381	187	348	59	
996	737	970	639	481	969	517	740	369	682	
19	80	532	166	474	323	157	783	934	230	
234	62	632	128	353	318	5	986	710	377	
44	683	374	554	288	246	809	984	88	145	
940	792	12	656	246	693	398	432	819	553	
316	189	345	578	493	410	59	174	49	614	
682	857	722	711	590	849	606	737	780	452	
986	822	610	885	28	328	646	126	391	76	
148	790	30	853	773	263	694	725	329	231	
410	263	757	362	316	444	311	618	784	238	
362	795	941	471	553	768	108	556	890	907	
995	482	431	791	648	554	434	235	75	479	
673	181	419	416	943	196	400	730	390	903	
48	681	44	914	725	248	606	434	537	348	
718	858	563	758	745	561	991	130	364	283	
649	730	952	335	435	445	931	205	770	670	
861	361	599	156	684	252	12	585	596	760	
93	733	35	593	569	469	761	354	550	178	
225	504	653	682	947	480	506	631	747	215	
946	430	45	764	396	259	399	77	761	131	
490	997	943	886	270	560	798	724	832	408	
23	747	708	984	460	744	108	336	791	484	
854	50	3	203	170	557	797	561	134	338	
990	885	23	332	141	657	45	706	233	828	
509	197	518	475	585	761	936	1	50	157	
871	465	136	655	828	516	574	396	597	652	
469	905	561	815	485	86	839	889	391	650	
914	903	721	269	245	949	286	28	636	630	
620	576	214	110	826	642	715	462	960	298	
462	617	120	696	358	366	266	441	839	865	
500	339	341	536	286	729	683	92	492	156	
316	352	663	160	655	107	748	782	791	668	
83	720	854	587	631	882	954	108	506	382	
825	276	527	371	333	817	407	169	630	139	
96	480	639	424	243	532	97	579	59	754	
349	931	108	610	899	149	518	278	113	814	
365	152	492	535	288	423	357	434	982	320	
743	290	415	589	653	621	817	886	947	936	
760	760	589	309	837	714	60	177	666	429	
606	68	620	537	533	764	131	16	411	693	
937	330	98	482	266	928	196	803	25	37	
895	949	677	764	189	214	767	641	29	164	
279	143	280	149	36	162	405	638	387	366	
919	822	890	543	681	508	336	355	268	765	
3	199	896	949	241	58	644	483	702	575	
199	316	389	849	714	431	276	265	774	241	
996	838	538	763	301	470	448	806	997	347	
824	201	812	350	633	858	724	797	228	331	
220	167	51	972	671	780	520	882	806	422	
702	87	904	879	489	272	504	977	864	531	
668	153	579	668	52	311	642	464	871	754	
460	332	939	238	634	60	115	138	663	481	
111	809	177	726	43	509	779	529	81	245	
166	228	895	319	952	494	44	304	267	534	
755	79	744	336	200	534	214	296	434	760	
407	196	923	63	341	814	130	790	23	677	
767	58	344	86	509	485	944	683	15	653	
397	492	482	35	488	837	673	420	121	110	
86	666	618	660	106	799	866	727	20	938	
167	437	9	44	303	968	13	618	457	782	
206	889	689	729	146	468	293	958	543	445	
254	268	329	933	681	898	638	95	114	471	
133	105	766	368	157	887	11	624	630	710	
293	977	822	557	195	123	428	626	511	115	
459	78	854	434	577	30	570	599	581	728	
17	805	8	37	585	25	365	885	643	424	
787	134	43	710	249	251	615	303	929	978	
45	439	469	122	805	825	410	301	803	818	
560	990	591	966	286	764	748	900	328	946	
133	784	992	615	993	43	316	366	708	436	
135	576	577	174	183	450	560	116	71	2	
109	672	318	506	8	325	429	525	22	677	
183	308	694	408	33	747	612	267	238	722	
794	174	680	521	744	196	362	690	318	808	
888	103	392	792	215	898	725	294	330	675	
272	647	462	565	490	15	712	722	558	466	
472	607	634	638	980	11	40	164	796	240	
489	294	48	205	780	714	828	752	224	894	
715	280	665	152	478	384	483	810	959	167	
708	223	863	713	851	706	368	492	5	755	
172	96	270	97	951	740	317	364	36	576	
251	743	928	419	364	886	849	761	253	826	
910	145	865	976	538	706	654	281	168	608	
854	50	598	123	19	614	338	763	381	890	
922	856	84	906	702	913	37	636	521	524	
779	128	889	16	973	216	425	226	557	412	
943	757	148	489	84	233	353	218	108	802	
905	111	934	893	720	786	8	291	123	4	
956	617	514	937	841	496	159	476	906	565	
673	771	692	115	844	840	89	781	267	999	
546	16	184	551	645	901	458	705	479	469	
140	539	309	892	679	345	681	699	96	645	
193	501	886	38	778	878	58	303	784	53	
112	60	70	583	300	976	602	1	213	440	
401	684	565	874	560	586	683	611	961	683	
957	345	456	635	371	521	683	906	825	280	
768	393	659	7	682	86	91	540	851	297	
194	907	756	736	305	472	371	758	230	145	
2	455	999	255	900	254	670	125	451	347	
575	892	5	18	980	695	536	970	169	43	
508	11	529	751	57	381	892	456	785	854	
599	458	478	91	318	691	229	324	364	275	
947	348	295	871	198	297	929	296	838	632	
910	875	644	35	364	722	804	975	941	91	
729	197	54	1	782	316	463	556	817	539	
604	897	802	580	766	601	519	15	92	782	
720	884	537	863	70	405	196	266	641	399	
784	885	365	654	299	923	722	129	457	784	
729	582	547	631	499	532	626	623	792	194	
639	73	358	271	563	380	457	938	25	148	
802	733	56	596	477	350	1	557	737	479	
697	785	640	429	951	919	465	104	744	489	
933	81	472	835	164	808	825	24	615	452	
548	74	489	205	173	433	426	914	313	380	
331	549	67	211	277	363	934	681	881	392	
205	386	888	203	28	296	92	784	563	174	
524	205	10	501	852	739	487	384	185	347	
412	824	384	360	598	331	590	533	179	104	
646	545	310	106	470	525	713	197	36	988	
989	868	518	831	419	275	560	603	431	365	
690	356	987	203	80	719	239	616	898	731	
709	382	819	252	461	556	415	461	164	548	
376	620	12	955	945	279	801	166	939	27	
415	464	135	305	812	222	260	826	882	159	
778	479	557	508	762	798	60	871	293	115	
519	709	767	323	683	819	598	779	899	916	
544	949	517	458	495	227	698	313	118	994	
380	616	451	12	861	715	971	475	684	81	
273	703	230	119	421	781	131	787	925	373	
514	771	395	776	605	601	593	323	954	445	
210	417	460	926	926	637	293	890	109	184	
817	882	530	209	427	932	4	821	881	996	
277	157	557	847	467	902	79	494	591	534	
686	238	811	728	943	901	876	856	327	359	
362	779	396	624	857	164	444	185	213	840	
837	678	312	90	764	24	846	153	807	950	
705	951	430	9	322	935	43	9	369	274	
908	997	560	540	945	290	536	733	553	950	
251	107	982	588	978	531	718	196	727	581	
109	267	104	796	860	534	277	389	531	595	
409	829	515	625	359	220	478	36	746	406	
155	511	974	751	721	219	470	894	31	626	
65	294	275	703	25	745	61	531	778	597	
523	960	564	925	773	551	121	205	919	628	
156	826	718	796	106	216	690	524	673	990	
304	900	551	501	936	977	106	436	638	435	
296	902	66	895	281	102	462	826	646	21	
580	937	277	504	767	844	617	327	730	60	
401	9	909	207	461	314	346	97	781	715	
633	478	120	817	894	771	143	187	541	169	
426	597	239	736	641	887	44	638	920	374	
357	982	90	182	894	445	766	804	339	575	
772	140	643	514	335	831	927	222	860	4	
731	854	863	831	8	138	650	219	472	7	
325	292	993	449	917	538	51	627	867	527	
6	386	60	970	839	792	403	556	971	83	
561	99	419	450	164	858	822	666	633	793	
310	196	193	168	852	674	800	691	888	126	
128	268	736	418	269	765	512	970	547	712	
829	757	786	197	31	672	727	484	912	454	
407	427	98	222	7	210	850	329	881	390	
681	351	965	863	254	887	95	19	637	493	
914	115	981	317	360	935	546	857	921	538	
411	261	854	29	566	965	515	551	292	975	
342	142	453	653	555	542	305	271	702	317	
736	19	296	40	694	260	602	6	176	225	
457	885	279	767	826	315	342	207	938	286	
34	746	593	30	706	521	877	451	642	400	
634	463	252	373	770	214	285	131	870	839	
501	981	338	262	416	828	413	199	497	95	
503	343	235	94	2	103	725	30	926	26	
475	279	51	825	28	423	131	629	996	944	
68	467	754	822	952	180	912	525	191	499	
927	94	489	337	149	623	309	94	173	482	
889	827	738	543	22	588	2	49	312	108	
213	599	917	879	608	462	898	250	101	669	
662	34	282	286	246	235	975	594	980	406	
411	652	986	648	642	301	902	817	438	566	
159	876	675	772	466	508	677	233	961	724	
338	510	722	755	517	419	131	385	172	433	
888	582	140	947	749	384	439	880	757	208	
8	620	845	715	534	515	34	578	974	111	
996	176	766	35	711	483	834	406	100	263	
703	729	68	335	188	189	418	611	81	367	
863	336	493	279	99	146	556	465	585	85	
788	69	546	807	239	388	320	396	586	929	
731	330	677	493	303	516	705	747	69	955	
609	59	884	539	233	943	645	838	815	24	
639	793	231	907	677	532	10	811	752	259	
11	848	234	641	143	332	819	431	326	387	
980	789	343	516	769	450	591	573	971	267	
20	721	392	279	357	246	504	916	854	154	
566	913	162	326	72	453	775	578	488	678	
741	249	231	909	510	812	917	996	788	126	
316	350	562	427	911	684	422	864	420	654	
127	244	420	374	985	798	655	875	278	823	
439	751	791	144	701	215	201	100	154	540	
636	855	908	963	59	255	418	411	10	535	
683	41	914	933	269	303	927	606	335	759	
490	110	238	450	923	685	196	329	256	868	
445	833	46	465	436	743	922	297	423	759	
876	790	858	733	795	409	440	50	905	765	
825	85	482	33	224	754	28	722	315	605	
131	385	813	531	304	441	493	932	168	347	
324	629	645	168	981	446	277	205	373	461	
142	423	671	359	331	720	37	844	746	219	
612	298	504	26	501	486	111	425	8	104	
796	654	615	1000	914	472	180	498	245	319	
785	373	448	872	488	543	662	873	831	485	
757	357	869	271	557	811	68	242	493	823	
336	115	704	201	583	819	711	491	855	171	
966	452	939	36	446	629	726	59	572	208	
773	868	976	787	780	163	38	489	844	825	
695	977	503	865	903	310	669	163	474	954	
257	813	170	600	301	32	665	953	404	616	
119	262	822	36	284	593	14	24	113	438	
10	186	107	220	280	705	362	151	973	989	
387	200	4	720	126	527	20	587	80	607	
991	203	21	403	476	66	120	334	305	952	
479	692	555	246	58	491	992	146	422	893	
559	54	776	28	534	442	57	937	57	603	
696	122	487	142	288	8	794	262	778	752	
284	110	800	761	949	582	762	860	192	602	
199	118	212	798	690	511	241	643	432	247	
689	692	743	770	674	535	60	740	67	511	
520	719	77	714	369	274	161	867	810	367	
85	991	683	86	360	289	348	217	804	69	
91	926	364	258	790	344	318	470	100	850	
63	710	470	641	594	928	387	689	336	694	
791	646	130	689	349	421	315	643	137	276	
523	848	285	810	352	120	402	668	974	810	
614	798	639	82	926	631	626	385	928	449	
354	194	443	405	227	651	22	241	404	405	
657	120	465	61	705	514	134	530	293	662	
885	487	922	39	971	980	603	734	656	811	
696	260	557	719	769	359	350	36	556	768	
120	321	705	129	916	304	553	994	351	55	
627	321	283	525	17	841	701	610	735	978	
545	707	477	767	732	599	160	501	139	238	
589	498	781	637	224	317	524	635	231	569	
154	699	955	616	268	866	948	189	451	253	
703	534	40	224	57	137	394	92	414	96	
480	61	139	62	550	965	118	145	220	422	
592	426	444	155	698	928	319	101	575	346	
641	454	458	970	590	655	817	648	401	467	
101	897	618	257	909	929	934	773	737	739	
903	447	859	212	150	37	788	427	569	915	
271	287	191	957	611	594	153	348	364	54	
78	240	13	666	674	487	199	587	892	108	
960	687	730	418	779	122	580	75	664	253	
381	939	823	491	420	885	73	52	595	131	
860	954	462	252	82	943	602	281	371	926	
683	773	645	57	552	281	794	768	25	802	
722	654	610	472	265	811	305	443	303	805	
290	857	860	81	275	411	299	477	450	579	
708	74	344	547	613	386	83	560	258	423	
680	808	976	717	192	180	638	3	606	691	
797	620	124	811	833	144	6	385	241	578	
226	762	908	407	551	662	865	317	8	375	
367	852	681	212	793	750	976	695	888	977	
580	832	649	36	726	25	688	152	394	273	
387	169	783	56	948	985	621	516	405	783	
214	75	712	739	591	427	224	725	5	33	
441	412	714	80	766	882	233	760	274	8	
503	874	978	395	689	333	44	362	437	446	
793	482	710	648	212	252	569	398	882	545	
156	701	878	447	776	320	982	817	735	840	
955	378	940	520	455	374	207	357	815	652	
264	661	279	344	160	104	821	274	987	284	
304	142	87	486	57	93	194	878	842	713	
585	952	146	621	611	934	861	54	352	626	
881	254	735	505	160	670	172	373	384	10	
823	820	539	299	144	471	872	219	64	5	
123	817	200	263	140	997	874	447	2	514	
594	365	178	524	539	240	533	684	89	489	
165	980	743	449	105	814	849	590	810	841	
521	932	266	310	961	737	273	103	504	735	
712	508	112	935	311	654	929	2	759	770	
475	868	943	347	358	155	868	996	909	323	
610	634	29	69	356	928	317	755	759	987	
585	158	320	292	774	924	264	963	671	730	
878	709	826	570	73	740	369	474	12	918	
510	173	633	319	22	137	362	811	513	933	
274	840	765	397	469	775	358	816	749	525	
157	850	717	617	189	886	590	920	526	163	
303	175	626	32	115	997	858	27	372	138	
658	259	20	161	207	331	756	569	997	529	
704	90	1000	816	364	145	998	266	136	356	
818	924	126	878	420	403	720	47	560	653	
542	950	263	500	791	137	148	872	177	837	
735	268	636	897	346	163	268	421	249	809	
328	172	224	782	695	861	833	556	250	267	
76	8	10	558	345	683	246	797	455	381	
93	580	12	403	957	330	495	961	82	115	
454	818	933	832	986	690	936	395	208	987	
352	622	983	801	216	464	128	495	87	960	
635	406	25	11	214	198	566	296	859	832	
561	765	5	692	550	284	500	900	582	598	
343	619	971	549	235	669	754	280	347	633	
628	607	602	966	191	489	655	344	432	840	
559	394	109	199	514	790	231	314	257	454	
185	408	3	764	833	999	345	130	266	443	
581	350	765	382	206	1000	302	571	220	760	
214	619	221	50	210	599	220	849	325	679	
74	541	162	367	25	73	502	390	822	744	
298	739	313	941	426	108	557	114	76	781	
91	120	324	90	943	519	959	502	452	35	
155	214	635	952	553	3	282	684	397	10	
188	546	621	343	403	962	728	282	439	885	
359	826	330	198	728	132	964	737	288	386	
378	393	270	381	890	137	666	49	98	668	
850	141	133	771	148	750	699	759	852	858	
995	727	771	109	402	337	512	382	601	39	
452	750	271	519	902	649	470	882	111	965	
388	908	743	148	402	108	187	961	756	329	
224	890	714	304	333	537	298	743	432	841	
768	874	269	755	935	40	511	61	749	829	
637	437	594	669	929	799	16	749	173	791	
835	217	144	232	252	929	458	820	532	926	
864	681	835	650	443	724	548	73	696	703	
489	268	559	937	300	838	832	408	694	216	
269	355	179	652	722	921	712	306	79	18	
674	247	247	780	336	61	616	420	783	5	
628	751	301	912	871	661	899	441	811	937	
889	939	723	97	843	356	791	887	67	14	
273	410	215	832	594	124	5	688	761	703	
760	501	681	466	168	401	581	918	672	911	
917	375	31	241	862	711	259	937	637	566	
21	138	404	602	674	477	62	762	16	657	
908	28	833	125	182	843	864	628	97	459	
653	488	266	845	332	306	172	181	21	316	
292	661	509	400	58	841	351	809	548	544	
653	573	251	406	23	840	498	184	675	282	
377	537	150	446	772	535	879	97	850	825	
173	430	85	489	267	546	65	513	472	269	
558	191	119	768	697	702	331	814	80	291	
697	958	549	478	367	344	907	894	593	861	
177	883	662	463	297	598	37	585	583	64	
303	875	960	865	338	902	749	695	226	399	
432	420	975	287	775	124	822	676	401	577	
131	345	543	656	776	343	130	594	53	936	
855	561	693	619	222	393	291	372	867	119	
918	2	530	18	686	846	461	175	533	378	
201	978	632	226	558	259	455	719	750	299	
550	85	684	516	87	424	391	552	629	710	
618	435	956	367	518	322	448	383	519	979	
974	715	124	879	983	177	26	534	482	808	
830	758	351	359	970	484	295	377	727	669	
774	586	481	755	191	664	606	429	668	779	
918	531	993	924	435	238	101	824	282	233	
670	378	831	39	238	895	26	328	170	473	
201	39	892	745	912	11	674	838	436	705	
216	588	430	372	31	145	233	223	567	218	
552	721	7	667	386	556	403	336	639	324	
647	326	634	631	21	188	461	853	274	871	
173	305	136	868	475	135	766	62	689	933	
68	397	972	211	290	742	364	103	376	506	
719	617	806	682	14	300	693	937	813	67	
318	759	891	651	628	832	268	274	286	33	
165	753	734	844	435	909	960	497	129	776	
747	295	883	519	189	344	909	570	691	972	
486	240	883	875	610	458	685	525	571	594	
696	674	512	421	153	743	642	363	881	277	
438	516	372	405	191	492	879	310	455	304	
334	583	866	640	20	486	945	224	605	797	
664	322	570	427	82	957	615	464	483	23	
184	395	705	400	402	150	326	785	592	861	
425	220	917	294	869	864	660	898	217	838	
91	480	925	957	755	577	966	378	411	322	
364	311	343	117	576	322	766	429	534	609	
611	583	173	974	516	169	34	589	883	392	
962	809	339	87	176	958	238	814	974	238	
576	647	597	702	434	245	693	448	664	898	
863	115	983	161	256	772	104	97	127	87	
98	693	898	872	575	271	623	621	527	583	
898	532	868	506	337	608	87	630	134	726	
979	775	526	901	141	487	594	699	68	263	
187	270	87	88	646	618	566	480	863	889	
801	831	77	29	31	725	963	931	32	935	
36	665	9	553	778	941	988	863	826	348	
830	826	99	264	247	367	517	285	5	789	
273	241	1000	580	326	936	282	388	469	524	
439	266	806	108	634	630	647	96	65	810	
559	569	798	588	354	915	663	592	983	572	
542	585	412	888	881	525	126	791	285	325	
747	991	718	448	643	805	448	379	184	40	
185	944	388	865	56	936	153	671	219	608	
561	832	58	220	647	98	544	941	152	964	
655	521	218	354	239	206	469	933	988	208	
480	714	519	489	905	356	577	843	10	486	
311	429	968	172	527	585	223	123	603	492	
514	381	419	223	206	511	124	650	546	463	
389	148	423	934	20	104	14	567	871	253	
883	950	969	293	778	194	326	443	978	844	
703	790	708	352	351	758	638	856	784	202	
502	371	401	819	679	659	105	649	421	329	
344	895	616	577	525	628	875	706	480	900	
24	422	404	472	446	110	101	574	961	249	
708	770	957	9	744	42	26	112	4	521	
